,time,open,close,high,low,volume,the_date
0,1530918780000.0,9.112E-5,9.999E-5,9.999E-5,9.111E-5,29124.76915641,2018-07-06
1,1531006980000.0,7.555E-5,7.2E-5,7.555E-5,7.2E-5,186184.48962963,2018-07-07
2,1531091820000.0,8.1E-5,8.14E-5,8.14E-5,8.1E-5,17369.3120393,2018-07-08
3,1531180680000.0,6.809999999999999E-5,6.809999999999999E-5,6.809999999999999E-5,6.809999999999999E-5,24760.31214913,2018-07-09
4,1531253220000.0,7.088E-5,7.088E-5,7.088E-5,7.088E-5,1100.0,2018-07-10
5,1531352640000.0,6.501E-5,6.501E-5,6.501E-5,6.501E-5,6600.0,2018-07-11
6,1531435500000.0,5.2000000000000004E-5,5.2000000000000004E-5,5.2000000000000004E-5,5.2000000000000004E-5,462.0609,2018-07-12
7,1531524720000.0,5.25E-5,5.2000000000000004E-5,5.25E-5,5.2000000000000004E-5,37844.0,2018-07-13
8,1531610040000.0,5.489E-5,5.489E-5,5.489E-5,5.489E-5,20000.0,2018-07-14
9,1531698960000.0,5.5E-5,5.5E-5,5.5E-5,5.5E-5,3000.0,2018-07-15
10,1531781520000.0,4.404E-5,4.331E-5,4.404E-5,4.331E-5,34091.874,2018-07-16
11,1531869480000.0,4.974E-5,4.974E-5,4.974E-5,4.974E-5,4990.0,2018-07-17
12,1531957560000.0,4.406E-5,4.406E-5,4.406E-5,4.406E-5,900.0,2018-07-18
13,1532044200000.0,4.381E-5,4.381E-5,4.381E-5,4.381E-5,131771.29,2018-07-19
14,1532131140000.0,3.98E-5,3.98E-5,3.98E-5,3.98E-5,10153.52939999,2018-07-20
15,1532214480000.0,3.6E-5,3.6E-5,3.6E-5,3.6E-5,72855.36602308,2018-07-21
16,1532301900000.0,4.199E-5,4.199E-5,4.199E-5,4.199E-5,21867.51852611,2018-07-22
17,1532370660000.0,3.928E-5,3.928E-5,3.928E-5,3.928E-5,63589.613,2018-07-23
18,1532471940000.0,3.7E-5,3.701E-5,3.701E-5,3.7E-5,5000.0,2018-07-24
19,1532561880000.0,3.523E-5,3.272E-5,3.523E-5,3.272E-5,105773.011,2018-07-25
20,1532649540000.0,3.626E-5,3.631E-5,3.631E-5,3.626E-5,4000.0,2018-07-26
21,1532735520000.0,3.7E-5,3.7E-5,3.7E-5,3.7E-5,1000.0,2018-07-27
22,1532800860000.0,3.599E-5,3.599E-5,3.599E-5,3.599E-5,69272.02,2018-07-28
23,1532905080000.0,3.3E-5,3.272E-5,3.3E-5,3.272E-5,116000.0,2018-07-29
24,1532984640000.0,3.409E-5,3.409E-5,3.409E-5,3.409E-5,3193.5484,2018-07-30
25,1533081540000.0,3.257E-5,3.257E-5,3.283E-5,3.257E-5,24659.1257,2018-07-31
26,1533167940000.0,3.126E-5,3.167E-5,3.179E-5,3.126E-5,46608.6139,2018-08-01
27,1533241320000.0,3.16E-5,3.005E-5,3.16E-5,3.005E-5,151390.32765082,2018-08-02
28,1533340080000.0,3.019E-5,3.019E-5,3.019E-5,3.019E-5,9790.02101678,2018-08-03
29,1533410820000.0,3.15E-5,3.15E-5,3.15E-5,3.15E-5,7322.07438046,2018-08-04
30,1533508380000.0,3.285E-5,3.285E-5,3.285E-5,3.285E-5,23482.19269853,2018-08-05
31,1533599940000.0,3.289999999999999E-5,3.3E-5,3.301E-5,3.289999999999999E-5,22421.8513,2018-08-06
32,1533681480000.0,3.431E-5,3.43E-5,3.431E-5,3.43E-5,30669.40901344,2018-08-07
33,1533772440000.0,3.371E-5,3.371E-5,3.371E-5,3.371E-5,2226.49,2018-08-08
34,1533859140000.0,3.462E-5,3.458E-5,3.462E-5,3.457E-5,80000.0,2018-08-09
35,1533944520000.0,3.041E-5,3.041E-5,3.041E-5,3.041E-5,800.0,2018-08-10
36,1534025160000.0,3.19E-5,3.19E-5,3.19E-5,3.19E-5,18653.19248303,2018-08-11
37,1534115640000.0,3.065E-5,3.065E-5,3.065E-5,3.065E-5,5666.11171314,2018-08-12
38,1534204740000.0,3.666E-5,3.632E-5,3.666E-5,3.632E-5,11383.935,2018-08-13
39,1534291080000.0,3.312E-5,3.359E-5,3.359E-5,3.312E-5,7766.096,2018-08-14
40,1534377540000.0,3.306E-5,3.292E-5,3.306E-5,3.292E-5,8692.997,2018-08-15
41,1534463940000.0,3.244E-5,3.257E-5,3.257E-5,3.244E-5,9212.704000000002,2018-08-16
42,1534550340000.0,3.528E-5,3.573E-5,3.573E-5,3.528E-5,6429.633000000001,2018-08-17
43,1534636740000.0,3.473E-5,3.458E-5,3.473E-5,3.458E-5,8274.719000000001,2018-08-18
44,1534723140000.0,3.574E-5,3.526E-5,3.574E-5,3.526E-5,9134.752,2018-08-19
45,1534809540000.0,3.538E-5,3.569E-5,3.569E-5,3.533E-5,16238.168,2018-08-20
46,1534895940000.0,3.701E-5,3.728E-5,3.728E-5,3.701E-5,12048.031,2018-08-21
47,1534982340000.0,3.573E-5,3.586E-5,3.627E-5,3.573E-5,11654.195,2018-08-22
48,1535063100000.0,3.301E-5,3.301E-5,3.301E-5,3.301E-5,5099.191,2018-08-23
49,1535155140000.0,3.327E-5,3.325E-5,3.331E-5,3.325E-5,13063.716,2018-08-24
50,1535241540000.0,3.464E-5,3.404E-5,3.464E-5,3.404E-5,6269.2069999999985,2018-08-25
51,1535327940000.0,3.368E-5,3.352E-5,3.368E-5,3.352E-5,50303.519,2018-08-26
52,1535414340000.0,3.531E-5,3.565E-5,3.565E-5,3.523E-5,38775.93,2018-08-27
53,1535500740000.0,3.342E-5,3.323E-5,3.342E-5,3.322E-5,47622.236,2018-08-28
54,1535575500000.0,3.2E-5,3.2E-5,3.2E-5,3.2E-5,1100.0,2018-08-29
55,1535666220000.0,3.125E-5,3.125E-5,3.125E-5,3.125E-5,10745.19299995,2018-08-30
56,1535759940000.0,3.014E-5,3.018E-5,3.018E-5,3.014E-5,44491.762,2018-08-31
57,1535817600000.0,2.892E-5,2.891E-5,2.892E-5,2.891E-5,29000.52619494,2018-09-01
58,1535920620000.0,2.874E-5,2.873E-5,2.874E-5,2.873E-5,10612.61839041,2018-09-02
59,1536009840000.0,2.533E-5,2.533E-5,2.533E-5,2.533E-5,42452.75836582,2018-09-03
60,1536099720000.0,2.359E-5,2.37E-5,2.37E-5,2.359E-5,46564.078718699995,2018-09-04
61,1536182580000.0,2.741E-5,2.755E-5,2.755E-5,2.741E-5,10147.47891026,2018-09-05
62,1536278340000.0,2.942E-5,2.946E-5,2.946E-5,2.928E-5,71678.29400000001,2018-09-06
63,1536364740000.0,3.382E-5,3.369E-5,3.382E-5,3.369E-5,41214.023,2018-09-07
64,1536451140000.0,3.316E-5,3.308E-5,3.324E-5,3.308E-5,53440.864,2018-09-08
65,1536537540000.0,3.355E-5,3.333E-5,3.355E-5,3.333E-5,44693.342,2018-09-09
66,1536623940000.0,3.481E-5,3.484E-5,3.484E-5,3.478E-5,70068.015,2018-09-10
67,1536710340000.0,3.602E-5,3.59E-5,3.602E-5,3.59E-5,49123.318,2018-09-11
68,1536786120000.0,3.537E-5,3.5E-5,3.538E-5,3.5E-5,60000.0,2018-09-12
69,1536880800000.0,3.21E-5,3.21E-5,3.21E-5,3.21E-5,130550.0,2018-09-13
70,1536943020000.0,3.2E-5,3.2E-5,3.2E-5,3.2E-5,51648.50312476,2018-09-14
71,1537040580000.0,2.998E-5,3.1E-5,3.1E-5,2.998E-5,54691.56290323,2018-09-15
72,1537130280000.0,2.945E-5,2.945E-5,2.945E-5,2.945E-5,56884.34408324,2018-09-16
73,1537191540000.0,2.701E-5,2.701E-5,2.701E-5,2.701E-5,1976.99626822,2018-09-17
74,1537279740000.0,2.8000000000000003E-5,2.8000000000000003E-5,2.8000000000000003E-5,2.8000000000000003E-5,2549.26354927,2018-09-18
75,1537366740000.0,2.72E-5,2.72E-5,2.72E-5,2.72E-5,4098.0,2018-09-19
76,1537463760000.0,2.7300000000000003E-5,2.7000000000000002E-5,2.7300000000000003E-5,2.7000000000000002E-5,67959.91295058001,2018-09-20
77,1537560480000.0,2.34E-5,2.335E-5,2.34E-5,2.335E-5,13902.48233009,2018-09-21
78,1537607460000.0,2.742E-5,2.791E-5,2.791E-5,2.742E-5,4422.0,2018-09-22
79,1537735440000.0,2.673E-5,2.673E-5,2.673E-5,2.673E-5,1951.0,2018-09-23
80,1537829700000.0,2.805E-5,2.805E-5,2.805E-5,2.805E-5,19300.0,2018-09-24
81,1537918800000.0,2.702E-5,2.702E-5,2.702E-5,2.702E-5,2874.123,2018-09-25
82,1537999680000.0,2.7000000000000002E-5,2.7000000000000002E-5,2.7000000000000002E-5,2.7000000000000002E-5,19337.3252,2018-09-26
83,1538082840000.0,2.531E-5,2.5E-5,2.531E-5,2.5E-5,6140.94500466,2018-09-27
84,1538170980000.0,2.328E-5,2.328E-5,2.328E-5,2.328E-5,3807.45231727,2018-09-28
85,1538257800000.0,2.303E-5,2.303E-5,2.303E-5,2.303E-5,4391.85305693,2018-09-29
86,1538338260000.0,2.437E-5,2.437E-5,2.437E-5,2.437E-5,1172.21514156,2018-09-30
87,1538412000000.0,2.4299999999999998E-5,2.4299999999999998E-5,2.4299999999999998E-5,2.4299999999999998E-5,11662.0,2018-10-01
88,1538501280000.0,2.283E-5,2.26E-5,2.283E-5,2.26E-5,43811.02830109,2018-10-02
89,1538578560000.0,2.3E-5,2.3E-5,2.3E-5,2.3E-5,1818.0,2018-10-03
90,1538686320000.0,2.391E-5,2.391E-5,2.391E-5,2.391E-5,5034.35057619,2018-10-04
91,1538741280000.0,2.279E-5,2.279E-5,2.279E-5,2.279E-5,0.00123698,2018-10-05
92,1538861820000.0,2.3800000000000003E-5,2.3800000000000003E-5,2.3800000000000003E-5,2.3800000000000003E-5,48345.92922131001,2018-10-06
93,1538956560000.0,2.025E-5,2.025E-5,2.025E-5,2.025E-5,13789.95895071,2018-10-07
94,1539038700000.0,1.715E-5,1.7E-5,1.718E-5,1.7E-5,553625.65520448,2018-10-08
95,1539108660000.0,1.75E-5,1.75E-5,1.75E-5,1.75E-5,8151.76201745,2018-10-09
96,1539212700000.0,1.623E-5,1.623E-5,1.623E-5,1.623E-5,86458.946,2018-10-10
97,1539274620000.0,1.701E-5,1.701E-5,1.701E-5,1.701E-5,7603.13517516,2018-10-11
98,1539321360000.0,1.6E-5,1.6E-5,1.6E-5,1.6E-5,65304.73024782,2018-10-12
99,1539455100000.0,1.661E-5,1.661E-5,1.661E-5,1.661E-5,3000.0,2018-10-13
100,1539559500000.0,1.7E-5,1.7E-5,1.7E-5,1.7E-5,4769.46438346,2018-10-14
101,1539618540000.0,1.55E-5,1.55E-5,1.55E-5,1.55E-5,40099.73313028,2018-10-15
102,1539718380000.0,1.556E-5,1.556E-5,1.556E-5,1.556E-5,7640.261750399999,2018-10-16
103,1539792960000.0,1.751E-5,1.59E-5,1.751E-5,1.59E-5,221710.34041491,2018-10-17
104,1539876360000.0,1.852E-5,1.898E-5,1.898E-5,1.852E-5,59239.0,2018-10-18
105,1539964500000.0,1.728E-5,1.747E-5,1.747E-5,1.728E-5,29402.0,2018-10-19
106,1540017780000.0,1.677E-5,1.676E-5,1.677E-5,1.676E-5,23842.0,2018-10-20
107,1540140540000.0,1.7E-5,1.682E-5,1.7E-5,1.682E-5,17082.8658,2018-10-21
108,1540229640000.0,1.733E-5,1.691E-5,1.733E-5,1.691E-5,62892.0,2018-10-22
109,1540324980000.0,1.8E-5,1.834E-5,1.834E-5,1.8E-5,48020.50115785001,2018-10-23
110,1540414980000.0,1.869E-5,1.869E-5,1.869E-5,1.869E-5,7973.39037433,2018-10-24
111,1540479900000.0,1.89E-5,1.89E-5,1.89E-5,1.89E-5,8834.9,2018-10-25
112,1540572480000.0,1.858E-5,1.858E-5,1.858E-5,1.858E-5,12429.0,2018-10-26
113,1540682580000.0,1.84E-5,1.85E-5,1.85E-5,1.84E-5,23197.06305267,2018-10-27
114,1540722240000.0,1.879E-5,1.879E-5,1.879E-5,1.879E-5,15021.51790881,2018-10-28
115,1540846080000.0,1.88E-5,1.878E-5,1.88E-5,1.878E-5,23892.85258505,2018-10-29
116,1540929480000.0,1.917E-5,1.916E-5,1.917E-5,1.916E-5,15344.86870852,2018-10-30
117,1541027700000.0,1.92E-5,1.92E-5,1.92E-5,1.92E-5,5208.02052053,2018-10-31
118,1541101500000.0,1.936E-5,1.974E-5,1.974E-5,1.936E-5,32000.0,2018-11-01
119,1541189160000.0,1.974E-5,1.974E-5,1.974E-5,1.974E-5,10000.0,2018-11-02
120,1541286540000.0,1.938E-5,1.944E-5,1.944E-5,1.938E-5,180178.5555566,2018-11-03
121,1541366040000.0,1.884E-5,1.884E-5,1.884E-5,1.884E-5,19590.15024,2018-11-04
122,1541444100000.0,1.876E-5,1.876E-5,1.876E-5,1.876E-5,23047.0,2018-11-05
123,1541537580000.0,1.758E-5,1.755E-5,1.759E-5,1.755E-5,149910.0,2018-11-06
124,1541592240000.0,1.673E-5,1.624E-5,1.673E-5,1.624E-5,200000.0,2018-11-07
125,1541704380000.0,1.724E-5,1.724E-5,1.724E-5,1.724E-5,6607.786999999999,2018-11-08
126,1541806140000.0,1.671E-5,1.64E-5,1.671E-5,1.64E-5,284884.0,2018-11-09
127,1541878320000.0,1.652E-5,1.652E-5,1.652E-5,1.652E-5,7640.261750399999,2018-11-10
128,1541948340000.0,1.724E-5,1.737E-5,1.737E-5,1.724E-5,57500.0,2018-11-11
129,1542060000000.0,1.675E-5,1.67E-5,1.675E-5,1.67E-5,59218.6810898,2018-11-12
130,1542120300000.0,1.7E-5,1.653E-5,1.7E-5,1.653E-5,87003.0,2018-11-13
131,1542231360000.0,1.8E-5,1.8E-5,1.8E-5,1.8E-5,26562.04540767,2018-11-14
132,1542311580000.0,1.702E-5,1.702E-5,1.702E-5,1.702E-5,14764.98154848,2018-11-15
133,1542387780000.0,1.788E-5,1.788E-5,1.788E-5,1.788E-5,33041.46171,2018-11-16
134,1542467700000.0,1.731E-5,1.731E-5,1.731E-5,1.731E-5,5400.0,2018-11-17
135,1542569280000.0,1.731E-5,1.731E-5,1.731E-5,1.731E-5,5823.82,2018-11-18
136,1542643800000.0,1.647E-5,1.647E-5,1.647E-5,1.647E-5,24834.25224085,2018-11-19
137,1542753660000.0,1.77E-5,1.797E-5,1.797E-5,1.77E-5,180590.91944444,2018-11-20
138,1542803820000.0,1.75E-5,1.75E-5,1.75E-5,1.75E-5,23557.27142857,2018-11-21
139,1542844800000.0, 1.754E-05, 1.755E-05, 1.755E-05, 1.754E-05, 3.178E+04,2018-11-22
140,1542975780000.0,1.765E-5,1.77E-5,1.77E-5,1.765E-5,58076.68701695,2018-11-23
141,1543098480000.0,1.75E-5,1.75E-5,1.75E-5,1.75E-5,9953.13492067,2018-11-24
142,1543114560000.0,1.77E-5,1.77E-5,1.77E-5,1.77E-5,4274.0,2018-11-25
143,1543243740000.0,1.739E-5,1.74E-5,1.74E-5,1.739E-5,32252.39565977,2018-11-26
144,1543362960000.0,1.571E-5,1.57E-5,1.571E-5,1.57E-5,76169.98588654,2018-11-27
145,1543438380000.0,1.65E-5,1.65E-5,1.65E-5,1.65E-5,10360.0,2018-11-28
146,1543488720000.0,1.719E-5,1.735E-5,1.735E-5,1.719E-5,58000.0,2018-11-29
147,1543585200000.0,1.739E-5,1.74E-5,1.74E-5,1.739E-5,57000.0,2018-11-30
148,1543622400000.0, 1.701E-05, 1.702E-05, 1.702E-05, 1.701E-05, 4.923E+04,2018-12-01
149,1543752180000.0,1.568E-5,1.568E-5,1.568E-5,1.568E-5,22132.902000000002,2018-12-02
150,1543795200000.0, 1.605E-05, 1.610E-05, 1.610E-05, 1.605E-05, 4.217E+04,2018-12-03
151,1543940820000.0,1.73E-5,1.75E-5,1.75E-5,1.73E-5,110000.0,2018-12-04
152,1543968000000.0, 1.664E-05, 1.681E-05, 1.681E-05, 1.664E-05, 9.589E+04,2018-12-05
153,1544114940000.0,1.31E-5,1.31E-5,1.31E-5,1.31E-5,19639.66000748,2018-12-06
154,1544175480000.0,1.55E-5,1.53E-5,1.55E-5,1.53E-5,110000.0,2018-12-07
155,1544227200000.0, 1.550E-05, 1.485E-05, 1.550E-05, 1.485E-05, 8.404E+04,2018-12-08
156,1544364000000.0,1.55E-5,1.366E-5,1.55E-5,1.366E-5,15382.24703627,2018-12-09
157,1544418360000.0,1.4000000000000001E-5,1.4000000000000001E-5,1.4000000000000001E-5,1.4000000000000001E-5,10000.0,2018-12-10
158,1544544600000.0,1.4999999999999999E-5,1.4999999999999999E-5,1.4999999999999999E-5,1.4999999999999999E-5,6897.58036476,2018-12-11
159,1544603340000.0,1.4999999999999999E-5,1.4999999999999999E-5,1.4999999999999999E-5,1.4999999999999999E-5,24448.72063524,2018-12-12
160,1544736300000.0,1.298E-5,1.298E-5,1.298E-5,1.298E-5,99700.20533334,2018-12-13
161,1544808000000.0,1.524E-5,1.531E-5,1.531E-5,1.524E-5,31227.0,2018-12-14
162,1544832000000.0, 1.514E-05, 1.521E-05, 1.521E-05, 1.514E-05, 3.038E+04,2018-12-15
163,1544918400000.0, 1.478E-05, 1.483E-05, 1.483E-05, 1.478E-05, 2.731E+04,2018-12-16
164,1545004800000.0, 1.442E-05, 1.446E-05, 1.446E-05, 1.442E-05, 2.425E+04,2018-12-17
165,1545091200000.0, 1.405E-05, 1.409E-05, 1.409E-05, 1.405E-05, 2.119E+04,2018-12-18
166,1545177600000.0, 1.369E-05, 1.371E-05, 1.371E-05, 1.369E-05, 1.812E+04,2018-12-19
167,1545343020000.0,1.3000000000000001E-5,1.3000000000000001E-5,1.3000000000000001E-5,1.3000000000000001E-5,12260.84622624,2018-12-20
168,1545401160000.0,1.166E-5,1.165E-5,1.166E-5,1.165E-5,20888.87098094,2018-12-21
169,1545436800000.0, 1.163E-05, 1.162E-05, 1.163E-05, 1.162E-05, 2.044E+04,2018-12-22
170,1545608160000.0,1.15E-5,1.15E-5,1.15E-5,1.15E-5,18275.5250245,2018-12-23
171,1545630120000.0,1.1E-5,1.1E-5,1.1E-5,1.1E-5,26946.78588658,2018-12-24
172,1545696000000.0, 1.084E-05, 1.084E-05, 1.084E-05, 1.084E-05, 4.481E+04,2018-12-25
173,1545782400000.0, 1.062E-05, 1.062E-05, 1.062E-05, 1.062E-05, 6.823E+04,2018-12-26
174,1545868800000.0, 1.041E-05, 1.041E-05, 1.041E-05, 1.041E-05, 9.165E+04,2018-12-27
175,1546033680000.0,1.0E-5,1.0E-5,1.0E-5,1.0E-5,136344.42497735,2018-12-28
176,1546083180000.0,1.001E-5,1.001E-5,1.001E-5,1.001E-5,12095.59649952,2018-12-29
177,1546128000000.0, 1.001E-05, 1.001E-05, 1.001E-05, 1.001E-05, 4.303E+04,2018-12-30
178,1546216860000.0,1.0E-5,1.0E-5,1.0E-5,1.0E-5,104356.14137153,2018-12-31
179,1546300800000.0, 1.000E-05, 1.000E-05, 1.000E-05, 1.000E-05, 6.516E+04,2019-01-01
180,1546418940000.0,1.0E-5,1.0E-5,1.0E-5,1.0E-5,10000.0,2019-01-02
181,1546538100000.0,1.0E-5,1.0E-5,1.0E-5,1.0E-5,181000.0,2019-01-03
182,1546593720000.0,1.234E-5,8.12E-6,1.234E-5,8.12E-6,20202.27102574,2019-01-04
183,1546648800000.0,8.11E-6,8.11E-6,8.11E-6,8.11E-6,2052154.1577,2019-01-05
184,1546795980000.0,8.1E-6,8.1E-6,8.1E-6,8.1E-6,100000.0,2019-01-06
185,1546833180000.0,7.71E-6,7.71E-6,7.71E-6,7.71E-6,10000.0,2019-01-07
186,1546989060000.0,4.37E-6,4.37E-6,4.37E-6,4.37E-6,36738.34389888,2019-01-08
187,1547054940000.0,4.56E-6,4.56E-6,4.56E-6,4.56E-6,156000.0,2019-01-09
188,1547130180000.0,5.0E-6,4.8E-6,5.0E-6,4.8E-6,8183.65450288,2019-01-10
189,1547227800000.0,7.000000000000001E-6,7.000000000000001E-6,7.000000000000001E-6,7.000000000000001E-6,8200.0,2019-01-11
190,1547337420000.0,6.21E-6,6.2E-6,6.21E-6,6.2E-6,33360.02418999,2019-01-12
191,1547349900000.0,6.15E-6,6.15E-6,6.15E-6,6.15E-6,100000.0,2019-01-13
192,1547473860000.0,6.0E-6,6.1E-6,6.1E-6,6.0E-6,82000.0,2019-01-14
193,1547510400000.0, 6.000E-06, 6.100E-06, 6.100E-06, 6.000E-06, 7.499E+04,2019-01-15
194,1547596800000.0, 6.000E-06, 6.100E-06, 6.100E-06, 6.000E-06, 5.840E+04,2019-01-16
195,1547738820000.0,6.0E-6,6.1E-6,6.1E-6,6.0E-6,31138.97286177,2019-01-17
196,1547769600000.0, 6.016E-06, 6.100E-06, 6.100E-06, 6.016E-06, 2.973E+04,2019-01-18
197,1547929620000.0,6.1E-6,6.1E-6,6.1E-6,6.1E-6,22380.0,2019-01-19
198,1547942400000.0, 6.078E-06, 6.079E-06, 6.079E-06, 6.078E-06, 2.395E+04,2019-01-20
199,1548111060000.0,5.79E-6,5.7999999999999995E-6,5.7999999999999995E-6,5.79E-6,44735.86551724,2019-01-21
200,1548164220000.0,6.99E-6,7.000000000000001E-6,7.000000000000001E-6,6.99E-6,135010.75898518,2019-01-22
201,1548201600000.0, 6.886E-06, 6.895E-06, 6.895E-06, 6.886E-06, 1.273E+05,2019-01-23
202,1548288000000.0, 6.646E-06, 6.654E-06, 6.654E-06, 6.646E-06, 1.096E+05,2019-01-24
203,1548374400000.0, 6.406E-06, 6.412E-06, 6.412E-06, 6.406E-06, 9.186E+04,2019-01-25
204,1548460800000.0, 6.166E-06, 6.170E-06, 6.170E-06, 6.166E-06, 7.411E+04,2019-01-26
205,1548547200000.0, 5.926E-06, 5.928E-06, 5.928E-06, 5.926E-06, 5.637E+04,2019-01-27
206,1548700320000.0,5.5E-6,5.5E-6,5.5E-6,5.5E-6,24935.03,2019-01-28
207,1548798660000.0,6.75E-6,6.75E-6,6.75E-6,6.75E-6,50000.0,2019-01-29
208,1548839040000.0,6.75E-6,6.75E-6,6.75E-6,6.75E-6,25000.0,2019-01-30
209,1548969300000.0,7.000000000000001E-6,7.000000000000001E-6,7.000000000000001E-6,7.000000000000001E-6,133600.0,2019-01-31
210,1549051440000.0,5.5E-6,4.8E-6,5.5E-6,4.8E-6,50522.81331996,2019-02-01
211,1549114440000.0,6.5000000000000004E-6,7.000000000000001E-6,7.000000000000001E-6,6.5000000000000004E-6,53470.05475065,2019-02-02
212,1549152000000.0, 6.822E-06, 7.257E-06, 7.257E-06, 6.822E-06, 5.173E+04,2019-02-03
213,1549238400000.0, 7.561E-06, 7.848E-06, 7.848E-06, 7.561E-06, 4.771E+04,2019-02-04
214,1549405260000.0,8.99E-6,8.99E-6,8.99E-6,8.99E-6,39960.0,2019-02-05
215,1549473480000.0,7.1E-6,7.1E-6,7.1E-6,7.1E-6,30635.44563784,2019-02-06
216,1549530960000.0,9.0E-6,9.09E-6,9.09E-6,9.0E-6,69275.27119605,2019-02-07
217,1549644660000.0,8.2E-6,8.2E-6,8.2E-6,8.2E-6,15860.0,2019-02-08
218,1549670400000.0, 8.320E-06, 8.320E-06, 8.320E-06, 8.320E-06, 1.626E+04,2019-02-09
219,1549837800000.0,9.1E-6,9.1E-6,9.1E-6,9.1E-6,18860.347524700002,2019-02-10
220,1549929540000.0,9.49E-6,9.49E-6,9.49E-6,9.49E-6,46376.55339633,2019-02-11
221,1549929600000.0, 9.490E-06, 9.490E-06, 9.490E-06, 9.490E-06, 4.637E+04,2019-02-12
222,1550075580000.0,9.99E-6,9.99E-6,9.99E-6,9.99E-6,23495.56788933,2019-02-13
223,1550117760000.0,4.07E-6,4.05E-6,4.07E-6,4.05E-6,294000.0,2019-02-14
224,1550188800000.0, 4.642E-06, 4.574E-06, 4.642E-06, 4.574E-06, 2.537E+05,2019-02-15
225,1550275200000.0, 5.338E-06, 5.212E-06, 5.338E-06, 5.212E-06, 2.048E+05,2019-02-16
226,1550361600000.0, 6.034E-06, 5.850E-06, 6.034E-06, 5.850E-06, 1.558E+05,2019-02-17
227,1550518680000.0,7.2999999999999996E-6,7.01E-6,7.2999999999999996E-6,7.01E-6,66800.0,2019-02-18
228,1550611500000.0,9.99E-6,9.99E-6,9.99E-6,9.99E-6,76504.43211067,2019-02-19
229,1550656920000.0,7.44E-6,7.44E-6,7.44E-6,7.44E-6,38930.44720417,2019-02-20
230,1550793540000.0,9.9E-6,9.9E-6,9.9E-6,9.9E-6,26285.76573068,2019-02-21
231,1550859660000.0,1.0E-5,9.9E-6,1.0E-5,9.9E-6,40796.8253,2019-02-22
232,1550936160000.0,8.3E-6,8.3E-6,8.3E-6,8.3E-6,28227.68,2019-02-23
233,1551046680000.0,9.9E-6,9.5E-6,9.9E-6,9.5E-6,33000.0,2019-02-24
234,1551085620000.0,9.5E-6,9.5E-6,9.5E-6,9.5E-6,260.6,2019-02-25
235,1551139200000.0, 9.469E-06, 9.500E-06, 9.500E-06, 9.469E-06, 1.182E+04,2019-02-26
236,1551225600000.0, 9.419E-06, 9.500E-06, 9.500E-06, 9.419E-06, 3.047E+04,2019-02-27
237,1551312000000.0, 9.369E-06, 9.500E-06, 9.500E-06, 9.369E-06, 4.912E+04,2019-02-28
238,1551431940000.0,9.3E-6,9.5E-6,9.5E-6,9.3E-6,75000.0,2019-03-01
239,1551484800000.0, 9.993E-06, 1.014E-05, 1.014E-05, 9.993E-06, 6.416E+04,2019-03-02
240,1551637980000.0,1.2E-5,1.2E-5,1.2E-5,1.2E-5,32733.99190098,2019-03-03
241,1551657600000.0, 1.203E-05, 1.203E-05, 1.203E-05, 1.203E-05, 3.207E+04,2019-03-04
242,1551744000000.0, 1.218E-05, 1.218E-05, 1.218E-05, 1.218E-05, 2.913E+04,2019-03-05
243,1551830400000.0, 1.232E-05, 1.232E-05, 1.232E-05, 1.232E-05, 2.619E+04,2019-03-06
244,1551916800000.0, 1.246E-05, 1.246E-05, 1.246E-05, 1.246E-05, 2.325E+04,2019-03-07
245,1552059360000.0,1.27E-5,1.27E-5,1.27E-5,1.27E-5,18398.76828329,2019-03-08
246,1552130700000.0,1.011E-5,1.011E-5,1.011E-5,1.011E-5,42000.0,2019-03-09
247,1552202040000.0,9.5E-6,9.5E-6,9.5E-6,9.5E-6,33199.9,2019-03-10
248,1552294860000.0,9.800000000000001E-6,9.800000000000001E-6,9.800000000000001E-6,9.800000000000001E-6,26000.0,2019-03-11
249,1552348800000.0, 9.028E-06, 9.028E-06, 9.028E-06, 9.028E-06, 3.136E+04,2019-03-12
250,1552465980000.0,7.35E-6,7.35E-6,7.35E-6,7.35E-6,43000.0,2019-03-13
251,1552573320000.0,9.1E-6,8.1E-6,9.1E-6,8.1E-6,84700.0,2019-03-14
252,1552608000000.0, 9.685E-06, 8.887E-06, 9.685E-06, 8.887E-06, 6.970E+04,2019-03-15
253,1552745100000.0,1.2E-5,1.2E-5,1.2E-5,1.2E-5,10422.82727273,2019-03-16
254,1552780800000.0, 1.164E-05, 1.164E-05, 1.164E-05, 1.164E-05, 1.085E+04,2019-03-17
255,1552867200000.0, 1.075E-05, 1.075E-05, 1.075E-05, 1.075E-05, 1.188E+04,2019-03-18
256,1552953600000.0, 9.869E-06, 9.869E-06, 9.869E-06, 9.869E-06, 1.291E+04,2019-03-19
257,1553040000000.0, 8.986E-06, 8.986E-06, 8.986E-06, 8.986E-06, 1.395E+04,2019-03-20
258,1553200080000.0,7.35E-6,7.35E-6,7.35E-6,7.35E-6,15860.0,2019-03-21
259,1553212800000.0, 7.493E-06, 7.493E-06, 7.493E-06, 7.493E-06, 2.143E+04,2019-03-22
260,1553346480000.0,9.0E-6,9.0E-6,9.0E-6,9.0E-6,80000.0,2019-03-23
261,1553438220000.0,7.42E-6,7.42E-6,7.42E-6,7.42E-6,25958.0,2019-03-24
262,1553472000000.0, 7.498E-06, 7.498E-06, 7.498E-06, 7.498E-06, 2.493E+04,2019-03-25
263,1553558400000.0, 7.697E-06, 7.697E-06, 7.697E-06, 7.697E-06, 2.232E+04,2019-03-26
264,1553646300000.0,7.9E-6,7.9E-6,7.9E-6,7.9E-6,19654.36794196,2019-03-27
265,1553731200000.0, 7.787E-06, 7.787E-06, 7.787E-06, 7.787E-06, 2.114E+04,2019-03-28
266,1553817600000.0, 7.672E-06, 7.672E-06, 7.672E-06, 7.672E-06, 2.265E+04,2019-03-29
267,1553904000000.0, 7.557E-06, 7.557E-06, 7.557E-06, 7.557E-06, 2.417E+04,2019-03-30
268,1553990400000.0, 7.443E-06, 7.443E-06, 7.443E-06, 7.443E-06, 2.568E+04,2019-03-31
269,1554142740000.0,7.24E-6,7.24E-6,7.24E-6,7.24E-6,28347.88980248,2019-04-01
270,1554163200000.0, 7.233E-06, 7.233E-06, 7.233E-06, 7.233E-06, 2.686E+04,2019-04-02
271,1554264900000.0,7.2000000000000005E-6,7.2000000000000005E-6,7.2000000000000005E-6,7.2000000000000005E-6,19473.0312856,2019-04-03
272,1554385860000.0,8.7E-6,8.7E-6,8.7E-6,8.7E-6,19300.408376900003,2019-04-04
273,1554422400000.0, 8.500E-06, 8.500E-06, 8.500E-06, 8.500E-06, 1.973E+04,2019-04-05
274,1554508800000.0, 8.026E-06, 8.026E-06, 8.026E-06, 8.026E-06, 2.076E+04,2019-04-06
275,1554677700000.0,7.1E-6,7.1E-6,7.1E-6,7.1E-6,22770.93166474,2019-04-07
276,1554681600000.0, 7.093E-06, 7.093E-06, 7.093E-06, 7.093E-06, 2.458E+04,2019-04-08
277,1554768000000.0, 6.938E-06, 6.938E-06, 6.938E-06, 6.938E-06, 6.456E+04,2019-04-09
278,1554854400000.0, 6.783E-06, 6.783E-06, 6.783E-06, 6.783E-06, 1.045E+05,2019-04-10
279,1554940800000.0, 6.628E-06, 6.628E-06, 6.628E-06, 6.628E-06, 1.445E+05,2019-04-11
280,1555027200000.0, 6.473E-06, 6.473E-06, 6.473E-06, 6.473E-06, 1.845E+05,2019-04-12
281,1555174140000.0,6.21E-6,6.21E-6,6.21E-6,6.21E-6,252524.28,2019-04-13
282,1555252140000.0,7.58E-6,7.58E-6,7.58E-6,7.58E-6,6526.6928671999995,2019-04-14
283,1555286400000.0, 7.575E-06, 7.575E-06, 7.575E-06, 7.575E-06, 7.053E+03,2019-04-15
284,1555372800000.0, 7.563E-06, 7.562E-06, 7.563E-06, 7.562E-06, 8.380E+03,2019-04-16
285,1555459200000.0, 7.551E-06, 7.548E-06, 7.551E-06, 7.548E-06, 9.706E+03,2019-04-17
286,1555545600000.0, 7.538E-06, 7.535E-06, 7.538E-06, 7.535E-06, 1.103E+04,2019-04-18
287,1555632000000.0, 7.526E-06, 7.522E-06, 7.526E-06, 7.522E-06, 1.236E+04,2019-04-19
288,1555718400000.0, 7.514E-06, 7.509E-06, 7.514E-06, 7.509E-06, 1.369E+04,2019-04-20
289,1555804800000.0, 7.501E-06, 7.496E-06, 7.501E-06, 7.496E-06, 1.501E+04,2019-04-21
290,1555891200000.0, 7.489E-06, 7.483E-06, 7.489E-06, 7.483E-06, 1.634E+04,2019-04-22
291,1555977600000.0, 7.477E-06, 7.469E-06, 7.477E-06, 7.469E-06, 1.767E+04,2019-04-23
292,1556064000000.0, 7.464E-06, 7.456E-06, 7.464E-06, 7.456E-06, 1.899E+04,2019-04-24
293,1556235540000.0,7.44E-6,7.43E-6,7.44E-6,7.43E-6,21627.89,2019-04-25
294,1556282700000.0,7.39E-6,7.400000000000001E-6,7.400000000000001E-6,7.39E-6,103002.70264008,2019-04-26
295,1556323200000.0, 8.022E-06, 8.030E-06, 8.030E-06, 8.022E-06, 7.977E+04,2019-04-27
296,1556427420000.0,9.65E-6,9.65E-6,9.65E-6,9.65E-6,20000.0,2019-04-28
297,1556531220000.0,7.03E-6,7.03E-6,7.03E-6,7.03E-6,8815.50158987,2019-04-29
298,1556582400000.0, 7.027E-06, 7.021E-06, 7.027E-06, 7.021E-06, 3.032E+04,2019-04-30
299,1556706000000.0,7.02E-6,7.000000000000001E-6,7.02E-6,7.000000000000001E-6,82243.26579195,2019-05-01
300,1556805180000.0,6.11E-6,6.1E-6,6.11E-6,6.1E-6,100000.0,2019-05-02
301,1556897220000.0,6.14E-6,6.0E-6,6.14E-6,6.0E-6,215663.84759342,2019-05-03
302,1557007980000.0,6.45E-6,6.45E-6,6.45E-6,6.45E-6,78860.46511627,2019-05-04
303,1557061260000.0,9.4E-6,9.44E-6,9.44E-6,9.4E-6,157616.99124411,2019-05-05
304,1557179520000.0,8.5E-6,8.900000000000001E-6,8.900000000000001E-6,8.5E-6,35000.0,2019-05-06
305,1557249420000.0,5.51E-6,5.5E-6,5.51E-6,5.5E-6,200842.00240053,2019-05-07
306,1557273600000.0, 5.509E-06, 5.383E-06, 5.509E-06, 5.383E-06, 2.692E+05,2019-05-08
307,1557414300000.0,5.5E-6,4.7E-6,5.5E-6,4.7E-6,667103.91985107,2019-05-09
308,1557461640000.0,5.68E-6,5.68E-6,5.68E-6,5.68E-6,23828.23093634,2019-05-10
309,1557591780000.0,5.7999999999999995E-6,5.7999999999999995E-6,5.7999999999999995E-6,5.7999999999999995E-6,4860.65710735,2019-05-11
310,1557619200000.0, 5.797E-06, 5.797E-06, 5.797E-06, 5.797E-06, 4.608E+03,2019-05-12
311,1557760380000.0,5.78E-6,5.78E-6,5.78E-6,5.78E-6,3310.0,2019-05-13
312,1557870360000.0,5.53E-6,5.62E-6,5.62E-6,5.53E-6,184345.92789583,2019-05-14
313,1557953940000.0,5.63E-6,5.63E-6,5.63E-6,5.63E-6,10000.0,2019-05-15
314,1558031340000.0,6.21E-6,6.21E-6,6.21E-6,6.21E-6,12573.0,2019-05-16
315,1558109460000.0,5.99E-6,5.99E-6,5.99E-6,5.99E-6,33664.441,2019-05-17
316,1558137600000.0, 5.943E-06, 5.948E-06, 5.948E-06, 5.943E-06, 3.589E+04,2019-05-18
317,1558224000000.0, 5.801E-06, 5.819E-06, 5.819E-06, 5.801E-06, 4.272E+04,2019-05-19
318,1558310400000.0, 5.658E-06, 5.691E-06, 5.691E-06, 5.658E-06, 4.955E+04,2019-05-20
319,1558396800000.0, 5.515E-06, 5.562E-06, 5.562E-06, 5.515E-06, 5.637E+04,2019-05-21
320,1558483200000.0, 5.372E-06, 5.434E-06, 5.434E-06, 5.372E-06, 6.320E+04,2019-05-22
321,1558569600000.0, 5.229E-06, 5.305E-06, 5.305E-06, 5.229E-06, 7.003E+04,2019-05-23
322,1558656000000.0, 5.086E-06, 5.176E-06, 5.176E-06, 5.086E-06, 7.686E+04,2019-05-24
323,1558774380000.0,4.89E-6,5.0E-6,5.0E-6,4.89E-6,86216.80048242,2019-05-25
324,1558874640000.0,9.32E-6,9.32E-6,9.32E-6,9.32E-6,113955.85085836,2019-05-26
325,1558999920000.0,5.47E-6,5.47E-6,5.47E-6,5.47E-6,9546.0,2019-05-27
326,1559064840000.0,5.91E-6,5.91E-6,5.91E-6,5.91E-6,3459.71574697,2019-05-28
327,1559088000000.0, 5.847E-06, 5.847E-06, 5.847E-06, 5.847E-06, 3.901E+03,2019-05-29
328,1559174400000.0, 5.612E-06, 5.612E-06, 5.612E-06, 5.612E-06, 5.547E+03,2019-05-30
329,1559260800000.0, 5.377E-06, 5.377E-06, 5.377E-06, 5.377E-06, 7.193E+03,2019-05-31
330,1559347200000.0, 5.142E-06, 5.142E-06, 5.142E-06, 5.142E-06, 8.839E+03,2019-06-01
331,1559509620000.0,4.7E-6,4.7E-6,4.7E-6,4.7E-6,11934.0577063,2019-06-02
332,1559582100000.0,6.21E-6,6.22E-6,6.22E-6,6.21E-6,30000.0,2019-06-03
333,1559606400000.0, 6.119E-06, 6.125E-06, 6.129E-06, 6.116E-06, 3.056E+04,2019-06-04
334,1559692800000.0, 5.798E-06, 5.786E-06, 5.803E-06, 5.780E-06, 3.255E+04,2019-06-05
335,1559837160000.0,5.26E-6,5.22E-6,5.26E-6,5.22E-6,35881.46628378,2019-06-06
336,1559865600000.0, 5.304E-06, 5.266E-06, 5.304E-06, 5.266E-06, 3.494E+04,2019-06-07
337,1559952000000.0, 5.437E-06, 5.406E-06, 5.437E-06, 5.406E-06, 3.208E+04,2019-06-08
338,1560038400000.0, 5.570E-06, 5.546E-06, 5.570E-06, 5.546E-06, 2.922E+04,2019-06-09
339,1560124800000.0, 5.703E-06, 5.687E-06, 5.703E-06, 5.687E-06, 2.636E+04,2019-06-10
340,1560211200000.0, 5.836E-06, 5.827E-06, 5.836E-06, 5.827E-06, 2.349E+04,2019-06-11
341,1560317940000.0,6.0E-6,6.0E-6,6.0E-6,6.0E-6,19960.0,2019-06-12
342,1560384000000.0, 6.064E-06, 6.064E-06, 6.064E-06, 6.064E-06, 3.289E+04,2019-06-13
343,1560523140000.0,6.2E-6,6.2E-6,6.2E-6,6.2E-6,60114.31773817,2019-06-14
344,1560643140000.0,5.51E-6,5.19E-6,5.51E-6,5.19E-6,20316.75830382,2019-06-15
345,1560670740000.0,6.0E-6,6.0E-6,6.0E-6,6.0E-6,51460.0,2019-06-16
346,1560729600000.0, 5.924E-06, 5.917E-06, 5.924E-06, 5.917E-06, 8.794E+04,2019-06-17
347,1560816000000.0, 5.811E-06, 5.795E-06, 5.811E-06, 5.795E-06, 1.415E+05,2019-06-18
348,1560947760000.0,5.64E-6,5.61E-6,5.64E-6,5.61E-6,223163.75989761,2019-06-19
349,1561037100000.0,6.3E-6,6.3E-6,6.3E-6,6.3E-6,22200.91587302,2019-06-20
350,1561075200000.0, 6.283E-06, 6.283E-06, 6.283E-06, 6.283E-06, 2.240E+04,2019-06-21
351,1561216920000.0,6.22E-6,6.22E-6,6.22E-6,6.22E-6,23151.42049213,2019-06-22
352,1561324200000.0,5.44E-6,5.19E-6,5.44E-6,5.19E-6,70266.0,2019-06-23
353,1561334400000.0, 5.422E-06, 5.187E-06, 5.422E-06, 5.187E-06, 6.843E+04,2019-06-24
354,1561486440000.0,5.15E-6,5.15E-6,5.15E-6,5.15E-6,41036.509981999996,2019-06-25
355,1561507200000.0, 5.139E-06, 5.138E-06, 5.139E-06, 5.138E-06, 3.876E+04,2019-06-26
356,1561593600000.0, 5.091E-06, 5.087E-06, 5.091E-06, 5.087E-06, 2.928E+04,2019-06-27
357,1561740180000.0,5.01E-6,5.0E-6,5.01E-6,5.0E-6,13187.69184178,2019-06-28
358,1561804740000.0,5.11E-6,5.11E-6,5.11E-6,5.11E-6,5396.64384178,2019-06-29
359,1561852800000.0, 5.053E-06, 5.053E-06, 5.053E-06, 5.053E-06, 5.119E+03,2019-06-30
360,1561939200000.0, 4.950E-06, 4.950E-06, 4.950E-06, 4.950E-06, 4.619E+03,2019-07-01
361,1562025600000.0, 4.846E-06, 4.846E-06, 4.846E-06, 4.846E-06, 4.119E+03,2019-07-02
362,1562112000000.0, 4.743E-06, 4.743E-06, 4.743E-06, 4.743E-06, 3.620E+03,2019-07-03
363,1562198400000.0, 4.640E-06, 4.640E-06, 4.640E-06, 4.640E-06, 3.120E+03,2019-07-04
364,1562316000000.0,4.5E-6,4.5E-6,4.5E-6,4.5E-6,2440.0,2019-07-05
365,1562454540000.0,5.09E-6,5.09E-6,5.09E-6,5.09E-6,2440.0,2019-07-06
366,1562510400000.0,4.5E-6,4.5E-6,4.5E-6,4.5E-6,6281.28766929,2019-07-07
367,1562544000000.0, 4.407E-06, 4.407E-06, 4.407E-06, 4.407E-06, 1.051E+04,2019-07-08
368,1562691420000.0,4.0E-6,4.0E-6,4.0E-6,4.0E-6,29062.080540400006,2019-07-09
369,1562716800000.0, 3.941E-06, 3.941E-06, 3.941E-06, 3.941E-06, 3.165E+04,2019-07-10
370,1562803200000.0, 3.739E-06, 3.739E-06, 3.739E-06, 3.739E-06, 4.048E+04,2019-07-11
371,1562909460000.0,3.49E-6,3.49E-6,3.49E-6,3.49E-6,51330.38073358,2019-07-12
372,1562976000000.0, 3.770E-06, 3.775E-06, 3.775E-06, 3.770E-06, 6.430E+04,2019-07-13
373,1563062400000.0, 4.133E-06, 4.145E-06, 4.145E-06, 4.133E-06, 8.114E+04,2019-07-14
374,1563148800000.0, 4.496E-06, 4.515E-06, 4.515E-06, 4.496E-06, 9.798E+04,2019-07-15
375,1563280740000.0,5.05E-6,5.08E-6,5.08E-6,5.05E-6,123690.05059336,2019-07-16
376,1563321600000.0, 5.053E-06, 5.081E-06, 5.081E-06, 5.053E-06, 1.183E+05,2019-07-17
377,1563408000000.0, 5.058E-06, 5.083E-06, 5.083E-06, 5.058E-06, 1.070E+05,2019-07-18
378,1563494400000.0, 5.064E-06, 5.085E-06, 5.085E-06, 5.064E-06, 9.563E+04,2019-07-19
379,1563580800000.0, 5.069E-06, 5.088E-06, 5.088E-06, 5.069E-06, 8.429E+04,2019-07-20
380,1563667200000.0, 5.075E-06, 5.090E-06, 5.090E-06, 5.075E-06, 7.294E+04,2019-07-21
381,1563753600000.0, 5.080E-06, 5.092E-06, 5.092E-06, 5.080E-06, 6.160E+04,2019-07-22
382,1563840000000.0, 5.086E-06, 5.094E-06, 5.094E-06, 5.086E-06, 5.025E+04,2019-07-23
383,1563926400000.0, 5.091E-06, 5.096E-06, 5.096E-06, 5.091E-06, 3.891E+04,2019-07-24
384,1564065660000.0,5.0999999999999995E-6,5.0999999999999995E-6,5.0999999999999995E-6,5.0999999999999995E-6,20619.6249027,2019-07-25
385,1564138440000.0,3.7000000000000006E-6,3.7000000000000006E-6,3.7000000000000006E-6,3.7000000000000006E-6,7396.81110781,2019-07-26
386,1564185600000.0, 3.721E-06, 3.721E-06, 3.721E-06, 3.721E-06, 9.285E+03,2019-07-27
387,1564272000000.0, 3.761E-06, 3.761E-06, 3.761E-06, 3.761E-06, 1.274E+04,2019-07-28
388,1564403280000.0,3.82E-6,3.82E-6,3.82E-6,3.82E-6,18000.0,2019-07-29
389,1564444800000.0, 3.902E-06, 3.902E-06, 3.902E-06, 3.902E-06, 3.724E+04,2019-07-30
390,1564595340000.0,4.2000000000000004E-6,4.2000000000000004E-6,4.2000000000000004E-6,4.2000000000000004E-6,107000.94,2019-07-31
391,1564617600000.0, 4.238E-06, 4.238E-06, 4.238E-06, 4.238E-06, 1.035E+05,2019-08-01
392,1564704000000.0, 4.387E-06, 4.387E-06, 4.387E-06, 4.387E-06, 9.013E+04,2019-08-02
393,1564790400000.0, 4.536E-06, 4.536E-06, 4.536E-06, 4.536E-06, 7.671E+04,2019-08-03
394,1564876800000.0, 4.685E-06, 4.685E-06, 4.685E-06, 4.685E-06, 6.329E+04,2019-08-04
395,1564963200000.0, 4.834E-06, 4.834E-06, 4.834E-06, 4.834E-06, 4.988E+04,2019-08-05
396,1565094420000.0,5.06E-6,5.06E-6,5.06E-6,5.06E-6,29501.26628813,2019-08-06
397,1565148240000.0,3.38E-6,3.39E-6,3.39E-6,3.38E-6,18000.0,2019-08-07
398,1565222400000.0, 3.412E-06, 3.420E-06, 3.420E-06, 3.412E-06, 2.179E+04,2019-08-08
399,1565308800000.0, 3.448E-06, 3.455E-06, 3.455E-06, 3.448E-06, 2.621E+04,2019-08-09
400,1565395200000.0, 3.485E-06, 3.490E-06, 3.490E-06, 3.485E-06, 3.062E+04,2019-08-10
401,1565481600000.0, 3.522E-06, 3.525E-06, 3.525E-06, 3.522E-06, 3.504E+04,2019-08-11
402,1565568000000.0, 3.558E-06, 3.560E-06, 3.560E-06, 3.558E-06, 3.945E+04,2019-08-12
403,1565665680000.0,3.6000000000000003E-6,3.6000000000000003E-6,3.6000000000000003E-6,3.6000000000000003E-6,44445.334499000004,2019-08-13
404,1565740800000.0, 3.629E-06, 3.629E-06, 3.629E-06, 3.629E-06, 4.281E+04,2019-08-14
405,1565827200000.0, 3.662E-06, 3.662E-06, 3.662E-06, 3.662E-06, 4.093E+04,2019-08-15
406,1565913600000.0, 3.696E-06, 3.696E-06, 3.696E-06, 3.696E-06, 3.905E+04,2019-08-16
407,1566000000000.0, 3.729E-06, 3.729E-06, 3.729E-06, 3.729E-06, 3.717E+04,2019-08-17
408,1566086400000.0, 3.762E-06, 3.762E-06, 3.762E-06, 3.762E-06, 3.530E+04,2019-08-18
409,1566172800000.0, 3.795E-06, 3.795E-06, 3.795E-06, 3.795E-06, 3.342E+04,2019-08-19
410,1566259200000.0, 3.829E-06, 3.829E-06, 3.829E-06, 3.829E-06, 3.154E+04,2019-08-20
411,1566345600000.0, 3.862E-06, 3.862E-06, 3.862E-06, 3.862E-06, 2.966E+04,2019-08-21
412,1566432000000.0, 3.895E-06, 3.895E-06, 3.895E-06, 3.895E-06, 2.778E+04,2019-08-22
413,1566518400000.0, 3.929E-06, 3.929E-06, 3.929E-06, 3.929E-06, 2.590E+04,2019-08-23
414,1566604800000.0, 3.962E-06, 3.962E-06, 3.962E-06, 3.962E-06, 2.402E+04,2019-08-24
415,1566691200000.0, 3.995E-06, 3.995E-06, 3.995E-06, 3.995E-06, 2.214E+04,2019-08-25
416,1566777600000.0, 4.028E-06, 4.028E-06, 4.028E-06, 4.028E-06, 2.026E+04,2019-08-26
417,1566864000000.0, 4.062E-06, 4.062E-06, 4.062E-06, 4.062E-06, 1.839E+04,2019-08-27
418,1566950400000.0, 4.095E-06, 4.095E-06, 4.095E-06, 4.095E-06, 1.651E+04,2019-08-28
419,1567036800000.0, 4.128E-06, 4.128E-06, 4.128E-06, 4.128E-06, 1.463E+04,2019-08-29
420,1567123200000.0, 4.162E-06, 4.162E-06, 4.162E-06, 4.162E-06, 1.275E+04,2019-08-30
421,1567248660000.0,4.21E-6,4.21E-6,4.21E-6,4.21E-6,10020.79136742,2019-08-31
422,1567296000000.0, 4.414E-06, 4.410E-06, 4.414E-06, 4.410E-06, 4.176E+04,2019-09-01
423,1567382400000.0, 4.785E-06, 4.776E-06, 4.785E-06, 4.776E-06, 9.970E+04,2019-09-02
424,1567530000000.0,5.42E-6,5.400000000000001E-6,5.42E-6,5.400000000000001E-6,198665.45,2019-09-03
425,1567568880000.0,5.42E-6,5.2E-6,5.42E-6,5.2E-6,182095.256332,2019-09-04
426,1567683960000.0,5.32E-6,5.32E-6,5.32E-6,5.32E-6,13541.20930241,2019-09-05
427,1567780020000.0,4.0E-6,4.32E-6,4.4E-6,4.0E-6,147106.97212082,2019-09-06
428,1567851120000.0,4.35E-6,4.35E-6,4.35E-6,4.35E-6,80000.0,2019-09-07
429,1567900800000.0, 4.226E-06, 4.226E-06, 4.226E-06, 4.226E-06, 7.511E+04,2019-09-08
430,1567987200000.0, 4.010E-06, 4.010E-06, 4.010E-06, 4.010E-06, 6.659E+04,2019-09-09
431,1568073600000.0, 3.794E-06, 3.794E-06, 3.794E-06, 3.794E-06, 5.808E+04,2019-09-10
432,1568160000000.0, 3.578E-06, 3.578E-06, 3.578E-06, 3.578E-06, 4.957E+04,2019-09-11
433,1568299380000.0,3.23E-6,3.23E-6,3.23E-6,3.23E-6,35834.991503,2019-09-12
434,1568332800000.0, 3.249E-06, 3.249E-06, 3.249E-06, 3.249E-06, 3.912E+04,2019-09-13
435,1568419200000.0, 3.297E-06, 3.297E-06, 3.297E-06, 3.297E-06, 4.762E+04,2019-09-14
436,1568505600000.0, 3.346E-06, 3.346E-06, 3.346E-06, 3.346E-06, 5.611E+04,2019-09-15
437,1568620500000.0,3.41E-6,3.41E-6,3.41E-6,3.41E-6,67406.25,2019-09-16
438,1568678400000.0, 3.412E-06, 3.412E-06, 3.412E-06, 3.412E-06, 5.401E+04,2019-09-17
439,1568764800000.0, 3.416E-06, 3.416E-06, 3.416E-06, 3.416E-06, 3.401E+04,2019-09-18
440,1568859840000.0,3.42E-6,3.42E-6,3.42E-6,3.42E-6,12017.67171679,2019-09-19
441,1568937600000.0, 3.406E-06, 3.406E-06, 3.406E-06, 3.406E-06, 1.062E+04,2019-09-20
442,1569024000000.0, 3.391E-06, 3.391E-06, 3.391E-06, 3.391E-06, 9.070E+03,2019-09-21
443,1569110400000.0, 3.375E-06, 3.375E-06, 3.375E-06, 3.375E-06, 7.519E+03,2019-09-22
444,1569251220000.0,3.35E-6,3.35E-6,3.35E-6,3.35E-6,4990.0,2019-09-23
445,1569283200000.0, 3.454E-06, 3.454E-06, 3.454E-06, 3.454E-06, 5.983E+03,2019-09-24
446,1569369600000.0, 3.735E-06, 3.735E-06, 3.735E-06, 3.735E-06, 8.667E+03,2019-09-25
447,1569456000000.0, 4.015E-06, 4.015E-06, 4.015E-06, 4.015E-06, 1.135E+04,2019-09-26
448,1569542400000.0, 4.296E-06, 4.296E-06, 4.296E-06, 4.296E-06, 1.403E+04,2019-09-27
449,1569628800000.0, 4.577E-06, 4.577E-06, 4.577E-06, 4.577E-06, 1.672E+04,2019-09-28
450,1569768360000.0,5.03E-6,5.03E-6,5.03E-6,5.03E-6,21052.15,2019-09-29
451,1569801600000.0, 5.076E-06, 5.076E-06, 5.076E-06, 5.076E-06, 1.885E+04,2019-09-30
452,1569920400000.0,5.24E-6,5.24E-6,5.24E-6,5.24E-6,11000.0,2019-10-01
